{
 "cells": [
  {
   "cell_type": "code",
   "execution_count": 5,
   "metadata": {
    "scrolled": true
   },
   "outputs": [
    {
     "data": {
      "text/plain": [
       "0.9238555885288395"
      ]
     },
     "execution_count": 5,
     "metadata": {},
     "output_type": "execute_result"
    }
   ],
   "source": [
    "import numpy as np\n",
    "import pandas as pd\n",
    "\n",
    "vehicles = pd.read_csv(r'C:\\Users\\Sarah\\Downloads\\vehicles.csv')\n",
    "vehicles['City MPG'].corr(vehicles['Highway MPG'])"
   ]
  },
  {
   "cell_type": "code",
   "execution_count": 2,
   "metadata": {},
   "outputs": [
    {
     "data": {
      "text/html": [
       "<div>\n",
       "<style scoped>\n",
       "    .dataframe tbody tr th:only-of-type {\n",
       "        vertical-align: middle;\n",
       "    }\n",
       "\n",
       "    .dataframe tbody tr th {\n",
       "        vertical-align: top;\n",
       "    }\n",
       "\n",
       "    .dataframe thead th {\n",
       "        text-align: right;\n",
       "    }\n",
       "</style>\n",
       "<table border=\"1\" class=\"dataframe\">\n",
       "  <thead>\n",
       "    <tr style=\"text-align: right;\">\n",
       "      <th></th>\n",
       "      <th>Year</th>\n",
       "      <th>Engine Displacement</th>\n",
       "      <th>Cylinders</th>\n",
       "      <th>Fuel Barrels/Year</th>\n",
       "      <th>City MPG</th>\n",
       "      <th>Highway MPG</th>\n",
       "      <th>Combined MPG</th>\n",
       "      <th>CO2 Emission Grams/Mile</th>\n",
       "      <th>Fuel Cost/Year</th>\n",
       "    </tr>\n",
       "  </thead>\n",
       "  <tbody>\n",
       "    <tr>\n",
       "      <th>Year</th>\n",
       "      <td>1.000000</td>\n",
       "      <td>0.037876</td>\n",
       "      <td>0.082469</td>\n",
       "      <td>-0.221084</td>\n",
       "      <td>0.161818</td>\n",
       "      <td>0.267259</td>\n",
       "      <td>0.204751</td>\n",
       "      <td>-0.222300</td>\n",
       "      <td>-0.091913</td>\n",
       "    </tr>\n",
       "    <tr>\n",
       "      <th>Engine Displacement</th>\n",
       "      <td>0.037876</td>\n",
       "      <td>1.000000</td>\n",
       "      <td>0.901858</td>\n",
       "      <td>0.789752</td>\n",
       "      <td>-0.740317</td>\n",
       "      <td>-0.715039</td>\n",
       "      <td>-0.746782</td>\n",
       "      <td>0.803520</td>\n",
       "      <td>0.769678</td>\n",
       "    </tr>\n",
       "    <tr>\n",
       "      <th>Cylinders</th>\n",
       "      <td>0.082469</td>\n",
       "      <td>0.901858</td>\n",
       "      <td>1.000000</td>\n",
       "      <td>0.739517</td>\n",
       "      <td>-0.703866</td>\n",
       "      <td>-0.650287</td>\n",
       "      <td>-0.698648</td>\n",
       "      <td>0.752393</td>\n",
       "      <td>0.778153</td>\n",
       "    </tr>\n",
       "    <tr>\n",
       "      <th>Fuel Barrels/Year</th>\n",
       "      <td>-0.221084</td>\n",
       "      <td>0.789752</td>\n",
       "      <td>0.739517</td>\n",
       "      <td>1.000000</td>\n",
       "      <td>-0.877752</td>\n",
       "      <td>-0.909664</td>\n",
       "      <td>-0.909743</td>\n",
       "      <td>0.986189</td>\n",
       "      <td>0.916208</td>\n",
       "    </tr>\n",
       "    <tr>\n",
       "      <th>City MPG</th>\n",
       "      <td>0.161818</td>\n",
       "      <td>-0.740317</td>\n",
       "      <td>-0.703866</td>\n",
       "      <td>-0.877752</td>\n",
       "      <td>1.000000</td>\n",
       "      <td>0.923856</td>\n",
       "      <td>0.985457</td>\n",
       "      <td>-0.894139</td>\n",
       "      <td>-0.858645</td>\n",
       "    </tr>\n",
       "    <tr>\n",
       "      <th>Highway MPG</th>\n",
       "      <td>0.267259</td>\n",
       "      <td>-0.715039</td>\n",
       "      <td>-0.650287</td>\n",
       "      <td>-0.909664</td>\n",
       "      <td>0.923856</td>\n",
       "      <td>1.000000</td>\n",
       "      <td>0.969392</td>\n",
       "      <td>-0.926405</td>\n",
       "      <td>-0.851404</td>\n",
       "    </tr>\n",
       "    <tr>\n",
       "      <th>Combined MPG</th>\n",
       "      <td>0.204751</td>\n",
       "      <td>-0.746782</td>\n",
       "      <td>-0.698648</td>\n",
       "      <td>-0.909743</td>\n",
       "      <td>0.985457</td>\n",
       "      <td>0.969392</td>\n",
       "      <td>1.000000</td>\n",
       "      <td>-0.926229</td>\n",
       "      <td>-0.875185</td>\n",
       "    </tr>\n",
       "    <tr>\n",
       "      <th>CO2 Emission Grams/Mile</th>\n",
       "      <td>-0.222300</td>\n",
       "      <td>0.803520</td>\n",
       "      <td>0.752393</td>\n",
       "      <td>0.986189</td>\n",
       "      <td>-0.894139</td>\n",
       "      <td>-0.926405</td>\n",
       "      <td>-0.926229</td>\n",
       "      <td>1.000000</td>\n",
       "      <td>0.930865</td>\n",
       "    </tr>\n",
       "    <tr>\n",
       "      <th>Fuel Cost/Year</th>\n",
       "      <td>-0.091913</td>\n",
       "      <td>0.769678</td>\n",
       "      <td>0.778153</td>\n",
       "      <td>0.916208</td>\n",
       "      <td>-0.858645</td>\n",
       "      <td>-0.851404</td>\n",
       "      <td>-0.875185</td>\n",
       "      <td>0.930865</td>\n",
       "      <td>1.000000</td>\n",
       "    </tr>\n",
       "  </tbody>\n",
       "</table>\n",
       "</div>"
      ],
      "text/plain": [
       "                             Year  Engine Displacement  Cylinders  \\\n",
       "Year                     1.000000             0.037876   0.082469   \n",
       "Engine Displacement      0.037876             1.000000   0.901858   \n",
       "Cylinders                0.082469             0.901858   1.000000   \n",
       "Fuel Barrels/Year       -0.221084             0.789752   0.739517   \n",
       "City MPG                 0.161818            -0.740317  -0.703866   \n",
       "Highway MPG              0.267259            -0.715039  -0.650287   \n",
       "Combined MPG             0.204751            -0.746782  -0.698648   \n",
       "CO2 Emission Grams/Mile -0.222300             0.803520   0.752393   \n",
       "Fuel Cost/Year          -0.091913             0.769678   0.778153   \n",
       "\n",
       "                         Fuel Barrels/Year  City MPG  Highway MPG  \\\n",
       "Year                             -0.221084  0.161818     0.267259   \n",
       "Engine Displacement               0.789752 -0.740317    -0.715039   \n",
       "Cylinders                         0.739517 -0.703866    -0.650287   \n",
       "Fuel Barrels/Year                 1.000000 -0.877752    -0.909664   \n",
       "City MPG                         -0.877752  1.000000     0.923856   \n",
       "Highway MPG                      -0.909664  0.923856     1.000000   \n",
       "Combined MPG                     -0.909743  0.985457     0.969392   \n",
       "CO2 Emission Grams/Mile           0.986189 -0.894139    -0.926405   \n",
       "Fuel Cost/Year                    0.916208 -0.858645    -0.851404   \n",
       "\n",
       "                         Combined MPG  CO2 Emission Grams/Mile  Fuel Cost/Year  \n",
       "Year                         0.204751                -0.222300       -0.091913  \n",
       "Engine Displacement         -0.746782                 0.803520        0.769678  \n",
       "Cylinders                   -0.698648                 0.752393        0.778153  \n",
       "Fuel Barrels/Year           -0.909743                 0.986189        0.916208  \n",
       "City MPG                     0.985457                -0.894139       -0.858645  \n",
       "Highway MPG                  0.969392                -0.926405       -0.851404  \n",
       "Combined MPG                 1.000000                -0.926229       -0.875185  \n",
       "CO2 Emission Grams/Mile     -0.926229                 1.000000        0.930865  \n",
       "Fuel Cost/Year              -0.875185                 0.930865        1.000000  "
      ]
     },
     "execution_count": 2,
     "metadata": {},
     "output_type": "execute_result"
    }
   ],
   "source": [
    "vehicles.corr()"
   ]
  },
  {
   "cell_type": "code",
   "execution_count": 5,
   "metadata": {},
   "outputs": [
    {
     "data": {
      "text/html": [
       "<div>\n",
       "<style scoped>\n",
       "    .dataframe tbody tr th:only-of-type {\n",
       "        vertical-align: middle;\n",
       "    }\n",
       "\n",
       "    .dataframe tbody tr th {\n",
       "        vertical-align: top;\n",
       "    }\n",
       "\n",
       "    .dataframe thead th {\n",
       "        text-align: right;\n",
       "    }\n",
       "</style>\n",
       "<table border=\"1\" class=\"dataframe\">\n",
       "  <thead>\n",
       "    <tr style=\"text-align: right;\">\n",
       "      <th></th>\n",
       "      <th>Year</th>\n",
       "      <th>Engine Displacement</th>\n",
       "      <th>Cylinders</th>\n",
       "      <th>Fuel Barrels/Year</th>\n",
       "      <th>City MPG</th>\n",
       "      <th>Highway MPG</th>\n",
       "      <th>Combined MPG</th>\n",
       "      <th>CO2 Emission Grams/Mile</th>\n",
       "      <th>Fuel Cost/Year</th>\n",
       "    </tr>\n",
       "  </thead>\n",
       "  <tbody>\n",
       "    <tr>\n",
       "      <th>Year</th>\n",
       "      <td>1.000000</td>\n",
       "      <td>0.037129</td>\n",
       "      <td>0.053817</td>\n",
       "      <td>-0.152204</td>\n",
       "      <td>0.110961</td>\n",
       "      <td>0.189554</td>\n",
       "      <td>0.145378</td>\n",
       "      <td>-0.151399</td>\n",
       "      <td>-0.064127</td>\n",
       "    </tr>\n",
       "    <tr>\n",
       "      <th>Engine Displacement</th>\n",
       "      <td>0.037129</td>\n",
       "      <td>1.000000</td>\n",
       "      <td>0.814208</td>\n",
       "      <td>0.663295</td>\n",
       "      <td>-0.692362</td>\n",
       "      <td>-0.579679</td>\n",
       "      <td>-0.658312</td>\n",
       "      <td>0.661452</td>\n",
       "      <td>0.623155</td>\n",
       "    </tr>\n",
       "    <tr>\n",
       "      <th>Cylinders</th>\n",
       "      <td>0.053817</td>\n",
       "      <td>0.814208</td>\n",
       "      <td>1.000000</td>\n",
       "      <td>0.664196</td>\n",
       "      <td>-0.702624</td>\n",
       "      <td>-0.575368</td>\n",
       "      <td>-0.662099</td>\n",
       "      <td>0.662733</td>\n",
       "      <td>0.668536</td>\n",
       "    </tr>\n",
       "    <tr>\n",
       "      <th>Fuel Barrels/Year</th>\n",
       "      <td>-0.152204</td>\n",
       "      <td>0.663295</td>\n",
       "      <td>0.664196</td>\n",
       "      <td>1.000000</td>\n",
       "      <td>-0.923174</td>\n",
       "      <td>-0.886350</td>\n",
       "      <td>-0.981534</td>\n",
       "      <td>0.987864</td>\n",
       "      <td>0.817171</td>\n",
       "    </tr>\n",
       "    <tr>\n",
       "      <th>City MPG</th>\n",
       "      <td>0.110961</td>\n",
       "      <td>-0.692362</td>\n",
       "      <td>-0.702624</td>\n",
       "      <td>-0.923174</td>\n",
       "      <td>1.000000</td>\n",
       "      <td>0.817141</td>\n",
       "      <td>0.940689</td>\n",
       "      <td>-0.922527</td>\n",
       "      <td>-0.816957</td>\n",
       "    </tr>\n",
       "    <tr>\n",
       "      <th>Highway MPG</th>\n",
       "      <td>0.189554</td>\n",
       "      <td>-0.579679</td>\n",
       "      <td>-0.575368</td>\n",
       "      <td>-0.886350</td>\n",
       "      <td>0.817141</td>\n",
       "      <td>1.000000</td>\n",
       "      <td>0.896640</td>\n",
       "      <td>-0.885328</td>\n",
       "      <td>-0.733986</td>\n",
       "    </tr>\n",
       "    <tr>\n",
       "      <th>Combined MPG</th>\n",
       "      <td>0.145378</td>\n",
       "      <td>-0.658312</td>\n",
       "      <td>-0.662099</td>\n",
       "      <td>-0.981534</td>\n",
       "      <td>0.940689</td>\n",
       "      <td>0.896640</td>\n",
       "      <td>1.000000</td>\n",
       "      <td>-0.977930</td>\n",
       "      <td>-0.824848</td>\n",
       "    </tr>\n",
       "    <tr>\n",
       "      <th>CO2 Emission Grams/Mile</th>\n",
       "      <td>-0.151399</td>\n",
       "      <td>0.661452</td>\n",
       "      <td>0.662733</td>\n",
       "      <td>0.987864</td>\n",
       "      <td>-0.922527</td>\n",
       "      <td>-0.885328</td>\n",
       "      <td>-0.977930</td>\n",
       "      <td>1.000000</td>\n",
       "      <td>0.814330</td>\n",
       "    </tr>\n",
       "    <tr>\n",
       "      <th>Fuel Cost/Year</th>\n",
       "      <td>-0.064127</td>\n",
       "      <td>0.623155</td>\n",
       "      <td>0.668536</td>\n",
       "      <td>0.817171</td>\n",
       "      <td>-0.816957</td>\n",
       "      <td>-0.733986</td>\n",
       "      <td>-0.824848</td>\n",
       "      <td>0.814330</td>\n",
       "      <td>1.000000</td>\n",
       "    </tr>\n",
       "  </tbody>\n",
       "</table>\n",
       "</div>"
      ],
      "text/plain": [
       "                             Year  Engine Displacement  Cylinders  \\\n",
       "Year                     1.000000             0.037129   0.053817   \n",
       "Engine Displacement      0.037129             1.000000   0.814208   \n",
       "Cylinders                0.053817             0.814208   1.000000   \n",
       "Fuel Barrels/Year       -0.152204             0.663295   0.664196   \n",
       "City MPG                 0.110961            -0.692362  -0.702624   \n",
       "Highway MPG              0.189554            -0.579679  -0.575368   \n",
       "Combined MPG             0.145378            -0.658312  -0.662099   \n",
       "CO2 Emission Grams/Mile -0.151399             0.661452   0.662733   \n",
       "Fuel Cost/Year          -0.064127             0.623155   0.668536   \n",
       "\n",
       "                         Fuel Barrels/Year  City MPG  Highway MPG  \\\n",
       "Year                             -0.152204  0.110961     0.189554   \n",
       "Engine Displacement               0.663295 -0.692362    -0.579679   \n",
       "Cylinders                         0.664196 -0.702624    -0.575368   \n",
       "Fuel Barrels/Year                 1.000000 -0.923174    -0.886350   \n",
       "City MPG                         -0.923174  1.000000     0.817141   \n",
       "Highway MPG                      -0.886350  0.817141     1.000000   \n",
       "Combined MPG                     -0.981534  0.940689     0.896640   \n",
       "CO2 Emission Grams/Mile           0.987864 -0.922527    -0.885328   \n",
       "Fuel Cost/Year                    0.817171 -0.816957    -0.733986   \n",
       "\n",
       "                         Combined MPG  CO2 Emission Grams/Mile  Fuel Cost/Year  \n",
       "Year                         0.145378                -0.151399       -0.064127  \n",
       "Engine Displacement         -0.658312                 0.661452        0.623155  \n",
       "Cylinders                   -0.662099                 0.662733        0.668536  \n",
       "Fuel Barrels/Year           -0.981534                 0.987864        0.817171  \n",
       "City MPG                     0.940689                -0.922527       -0.816957  \n",
       "Highway MPG                  0.896640                -0.885328       -0.733986  \n",
       "Combined MPG                 1.000000                -0.977930       -0.824848  \n",
       "CO2 Emission Grams/Mile     -0.977930                 1.000000        0.814330  \n",
       "Fuel Cost/Year              -0.824848                 0.814330        1.000000  "
      ]
     },
     "execution_count": 5,
     "metadata": {},
     "output_type": "execute_result"
    }
   ],
   "source": [
    "vehicles.corr(method='kendall')"
   ]
  },
  {
   "cell_type": "code",
   "execution_count": 6,
   "metadata": {},
   "outputs": [
    {
     "data": {
      "text/html": [
       "<div>\n",
       "<style scoped>\n",
       "    .dataframe tbody tr th:only-of-type {\n",
       "        vertical-align: middle;\n",
       "    }\n",
       "\n",
       "    .dataframe tbody tr th {\n",
       "        vertical-align: top;\n",
       "    }\n",
       "\n",
       "    .dataframe thead th {\n",
       "        text-align: right;\n",
       "    }\n",
       "</style>\n",
       "<table border=\"1\" class=\"dataframe\">\n",
       "  <thead>\n",
       "    <tr style=\"text-align: right;\">\n",
       "      <th></th>\n",
       "      <th>Year</th>\n",
       "      <th>Engine Displacement</th>\n",
       "      <th>Cylinders</th>\n",
       "      <th>Fuel Barrels/Year</th>\n",
       "      <th>City MPG</th>\n",
       "      <th>Highway MPG</th>\n",
       "      <th>Combined MPG</th>\n",
       "      <th>CO2 Emission Grams/Mile</th>\n",
       "      <th>Fuel Cost/Year</th>\n",
       "    </tr>\n",
       "  </thead>\n",
       "  <tbody>\n",
       "    <tr>\n",
       "      <th>Year</th>\n",
       "      <td>1.000000</td>\n",
       "      <td>0.051370</td>\n",
       "      <td>0.068727</td>\n",
       "      <td>-0.214857</td>\n",
       "      <td>0.157137</td>\n",
       "      <td>0.266934</td>\n",
       "      <td>0.205080</td>\n",
       "      <td>-0.215108</td>\n",
       "      <td>-0.091437</td>\n",
       "    </tr>\n",
       "    <tr>\n",
       "      <th>Engine Displacement</th>\n",
       "      <td>0.051370</td>\n",
       "      <td>1.000000</td>\n",
       "      <td>0.927979</td>\n",
       "      <td>0.827152</td>\n",
       "      <td>-0.848167</td>\n",
       "      <td>-0.754080</td>\n",
       "      <td>-0.824065</td>\n",
       "      <td>0.831333</td>\n",
       "      <td>0.794755</td>\n",
       "    </tr>\n",
       "    <tr>\n",
       "      <th>Cylinders</th>\n",
       "      <td>0.068727</td>\n",
       "      <td>0.927979</td>\n",
       "      <td>1.000000</td>\n",
       "      <td>0.784595</td>\n",
       "      <td>-0.818672</td>\n",
       "      <td>-0.698356</td>\n",
       "      <td>-0.783362</td>\n",
       "      <td>0.788777</td>\n",
       "      <td>0.790481</td>\n",
       "    </tr>\n",
       "    <tr>\n",
       "      <th>Fuel Barrels/Year</th>\n",
       "      <td>-0.214857</td>\n",
       "      <td>0.827152</td>\n",
       "      <td>0.784595</td>\n",
       "      <td>1.000000</td>\n",
       "      <td>-0.974144</td>\n",
       "      <td>-0.963335</td>\n",
       "      <td>-0.990364</td>\n",
       "      <td>0.995539</td>\n",
       "      <td>0.919069</td>\n",
       "    </tr>\n",
       "    <tr>\n",
       "      <th>City MPG</th>\n",
       "      <td>0.157137</td>\n",
       "      <td>-0.848167</td>\n",
       "      <td>-0.818672</td>\n",
       "      <td>-0.974144</td>\n",
       "      <td>1.000000</td>\n",
       "      <td>0.930120</td>\n",
       "      <td>0.985062</td>\n",
       "      <td>-0.979787</td>\n",
       "      <td>-0.928713</td>\n",
       "    </tr>\n",
       "    <tr>\n",
       "      <th>Highway MPG</th>\n",
       "      <td>0.266934</td>\n",
       "      <td>-0.754080</td>\n",
       "      <td>-0.698356</td>\n",
       "      <td>-0.963335</td>\n",
       "      <td>0.930120</td>\n",
       "      <td>1.000000</td>\n",
       "      <td>0.970769</td>\n",
       "      <td>-0.968693</td>\n",
       "      <td>-0.876067</td>\n",
       "    </tr>\n",
       "    <tr>\n",
       "      <th>Combined MPG</th>\n",
       "      <td>0.205080</td>\n",
       "      <td>-0.824065</td>\n",
       "      <td>-0.783362</td>\n",
       "      <td>-0.990364</td>\n",
       "      <td>0.985062</td>\n",
       "      <td>0.970769</td>\n",
       "      <td>1.000000</td>\n",
       "      <td>-0.995258</td>\n",
       "      <td>-0.926078</td>\n",
       "    </tr>\n",
       "    <tr>\n",
       "      <th>CO2 Emission Grams/Mile</th>\n",
       "      <td>-0.215108</td>\n",
       "      <td>0.831333</td>\n",
       "      <td>0.788777</td>\n",
       "      <td>0.995539</td>\n",
       "      <td>-0.979787</td>\n",
       "      <td>-0.968693</td>\n",
       "      <td>-0.995258</td>\n",
       "      <td>1.000000</td>\n",
       "      <td>0.922723</td>\n",
       "    </tr>\n",
       "    <tr>\n",
       "      <th>Fuel Cost/Year</th>\n",
       "      <td>-0.091437</td>\n",
       "      <td>0.794755</td>\n",
       "      <td>0.790481</td>\n",
       "      <td>0.919069</td>\n",
       "      <td>-0.928713</td>\n",
       "      <td>-0.876067</td>\n",
       "      <td>-0.926078</td>\n",
       "      <td>0.922723</td>\n",
       "      <td>1.000000</td>\n",
       "    </tr>\n",
       "  </tbody>\n",
       "</table>\n",
       "</div>"
      ],
      "text/plain": [
       "                             Year  Engine Displacement  Cylinders  \\\n",
       "Year                     1.000000             0.051370   0.068727   \n",
       "Engine Displacement      0.051370             1.000000   0.927979   \n",
       "Cylinders                0.068727             0.927979   1.000000   \n",
       "Fuel Barrels/Year       -0.214857             0.827152   0.784595   \n",
       "City MPG                 0.157137            -0.848167  -0.818672   \n",
       "Highway MPG              0.266934            -0.754080  -0.698356   \n",
       "Combined MPG             0.205080            -0.824065  -0.783362   \n",
       "CO2 Emission Grams/Mile -0.215108             0.831333   0.788777   \n",
       "Fuel Cost/Year          -0.091437             0.794755   0.790481   \n",
       "\n",
       "                         Fuel Barrels/Year  City MPG  Highway MPG  \\\n",
       "Year                             -0.214857  0.157137     0.266934   \n",
       "Engine Displacement               0.827152 -0.848167    -0.754080   \n",
       "Cylinders                         0.784595 -0.818672    -0.698356   \n",
       "Fuel Barrels/Year                 1.000000 -0.974144    -0.963335   \n",
       "City MPG                         -0.974144  1.000000     0.930120   \n",
       "Highway MPG                      -0.963335  0.930120     1.000000   \n",
       "Combined MPG                     -0.990364  0.985062     0.970769   \n",
       "CO2 Emission Grams/Mile           0.995539 -0.979787    -0.968693   \n",
       "Fuel Cost/Year                    0.919069 -0.928713    -0.876067   \n",
       "\n",
       "                         Combined MPG  CO2 Emission Grams/Mile  Fuel Cost/Year  \n",
       "Year                         0.205080                -0.215108       -0.091437  \n",
       "Engine Displacement         -0.824065                 0.831333        0.794755  \n",
       "Cylinders                   -0.783362                 0.788777        0.790481  \n",
       "Fuel Barrels/Year           -0.990364                 0.995539        0.919069  \n",
       "City MPG                     0.985062                -0.979787       -0.928713  \n",
       "Highway MPG                  0.970769                -0.968693       -0.876067  \n",
       "Combined MPG                 1.000000                -0.995258       -0.926078  \n",
       "CO2 Emission Grams/Mile     -0.995258                 1.000000        0.922723  \n",
       "Fuel Cost/Year              -0.926078                 0.922723        1.000000  "
      ]
     },
     "execution_count": 6,
     "metadata": {},
     "output_type": "execute_result"
    }
   ],
   "source": [
    "vehicles.corr(method='spearman')"
   ]
  },
  {
   "cell_type": "code",
   "execution_count": 7,
   "metadata": {},
   "outputs": [
    {
     "name": "stdout",
     "output_type": "stream",
     "text": [
      "Requirement already satisfied: phik==0.10.0 in c:\\users\\hp\\documents\\python\\lib\\site-packages (0.10.0)\n",
      "Requirement already satisfied: joblib>=0.14.1 in c:\\users\\hp\\documents\\python\\lib\\site-packages (from phik==0.10.0) (0.14.1)\n",
      "Requirement already satisfied: scipy>=1.1.0 in c:\\users\\hp\\documents\\python\\lib\\site-packages (from phik==0.10.0) (1.4.1)\n",
      "Requirement already satisfied: numpy>=1.15.4 in c:\\users\\hp\\documents\\python\\lib\\site-packages (from phik==0.10.0) (1.18.1)\n",
      "Requirement already satisfied: numba>=0.38.1 in c:\\users\\hp\\documents\\python\\lib\\site-packages (from phik==0.10.0) (0.48.0)\n",
      "Requirement already satisfied: pandas>=0.23.4 in c:\\users\\hp\\documents\\python\\lib\\site-packages (from phik==0.10.0) (1.0.5)\n",
      "Requirement already satisfied: matplotlib>=2.2.3 in c:\\users\\hp\\documents\\python\\lib\\site-packages (from phik==0.10.0) (3.2.2)\n",
      "Requirement already satisfied: llvmlite<0.32.0,>=0.31.0dev0 in c:\\users\\hp\\documents\\python\\lib\\site-packages (from numba>=0.38.1->phik==0.10.0) (0.31.0)\n",
      "Requirement already satisfied: setuptools in c:\\users\\hp\\documents\\python\\lib\\site-packages (from numba>=0.38.1->phik==0.10.0) (45.2.0.post20200210)\n",
      "Requirement already satisfied: pytz>=2017.2 in c:\\users\\hp\\documents\\python\\lib\\site-packages (from pandas>=0.23.4->phik==0.10.0) (2019.3)\n",
      "Requirement already satisfied: python-dateutil>=2.6.1 in c:\\users\\hp\\documents\\python\\lib\\site-packages (from pandas>=0.23.4->phik==0.10.0) (2.8.1)\n",
      "Requirement already satisfied: pyparsing!=2.0.4,!=2.1.2,!=2.1.6,>=2.0.1 in c:\\users\\hp\\documents\\python\\lib\\site-packages (from matplotlib>=2.2.3->phik==0.10.0) (2.4.6)\n",
      "Requirement already satisfied: kiwisolver>=1.0.1 in c:\\users\\hp\\documents\\python\\lib\\site-packages (from matplotlib>=2.2.3->phik==0.10.0) (1.1.0)\n",
      "Requirement already satisfied: cycler>=0.10 in c:\\users\\hp\\documents\\python\\lib\\site-packages (from matplotlib>=2.2.3->phik==0.10.0) (0.10.0)\n",
      "Requirement already satisfied: six>=1.5 in c:\\users\\hp\\documents\\python\\lib\\site-packages (from python-dateutil>=2.6.1->pandas>=0.23.4->phik==0.10.0) (1.14.0)\n"
     ]
    }
   ],
   "source": [
    "!pip install phik==0.10.0"
   ]
  },
  {
   "cell_type": "code",
   "execution_count": 8,
   "metadata": {},
   "outputs": [],
   "source": [
    "import phik"
   ]
  },
  {
   "cell_type": "code",
   "execution_count": 10,
   "metadata": {},
   "outputs": [
    {
     "name": "stderr",
     "output_type": "stream",
     "text": [
      "C:\\Users\\HP\\Documents\\Python\\lib\\site-packages\\phik\\data_quality.py:58: UserWarning: The number of unique values of variable Make is very large: 127. Are you sure this is not an interval variable? Analysis for pairs of variables including Make might be slow.\n",
      "  .format(col, df[col].nunique())\n",
      "C:\\Users\\HP\\Documents\\Python\\lib\\site-packages\\phik\\data_quality.py:58: UserWarning: The number of unique values of variable Model is very large: 3608. Are you sure this is not an interval variable? Analysis for pairs of variables including Model might be slow.\n",
      "  .format(col, df[col].nunique())\n"
     ]
    },
    {
     "data": {
      "text/html": [
       "<div>\n",
       "<style scoped>\n",
       "    .dataframe tbody tr th:only-of-type {\n",
       "        vertical-align: middle;\n",
       "    }\n",
       "\n",
       "    .dataframe tbody tr th {\n",
       "        vertical-align: top;\n",
       "    }\n",
       "\n",
       "    .dataframe thead th {\n",
       "        text-align: right;\n",
       "    }\n",
       "</style>\n",
       "<table border=\"1\" class=\"dataframe\">\n",
       "  <thead>\n",
       "    <tr style=\"text-align: right;\">\n",
       "      <th></th>\n",
       "      <th>Make</th>\n",
       "      <th>Model</th>\n",
       "      <th>Year</th>\n",
       "      <th>Engine Displacement</th>\n",
       "      <th>Cylinders</th>\n",
       "      <th>Transmission</th>\n",
       "      <th>Drivetrain</th>\n",
       "      <th>Vehicle Class</th>\n",
       "      <th>Fuel Type</th>\n",
       "      <th>Fuel Barrels/Year</th>\n",
       "      <th>City MPG</th>\n",
       "      <th>Highway MPG</th>\n",
       "      <th>Combined MPG</th>\n",
       "      <th>CO2 Emission Grams/Mile</th>\n",
       "      <th>Fuel Cost/Year</th>\n",
       "    </tr>\n",
       "  </thead>\n",
       "  <tbody>\n",
       "    <tr>\n",
       "      <th>Make</th>\n",
       "      <td>1.000000</td>\n",
       "      <td>0.999971</td>\n",
       "      <td>0.509641</td>\n",
       "      <td>0.778725</td>\n",
       "      <td>0.886443</td>\n",
       "      <td>0.873626</td>\n",
       "      <td>0.677391</td>\n",
       "      <td>0.853202</td>\n",
       "      <td>0.692843</td>\n",
       "      <td>0.711030</td>\n",
       "      <td>0.655273</td>\n",
       "      <td>0.624252</td>\n",
       "      <td>0.656666</td>\n",
       "      <td>0.695474</td>\n",
       "      <td>0.798924</td>\n",
       "    </tr>\n",
       "    <tr>\n",
       "      <th>Model</th>\n",
       "      <td>0.999971</td>\n",
       "      <td>1.000000</td>\n",
       "      <td>0.888789</td>\n",
       "      <td>0.969428</td>\n",
       "      <td>0.993107</td>\n",
       "      <td>0.988186</td>\n",
       "      <td>0.958500</td>\n",
       "      <td>0.996212</td>\n",
       "      <td>0.987730</td>\n",
       "      <td>0.981112</td>\n",
       "      <td>0.971656</td>\n",
       "      <td>0.952282</td>\n",
       "      <td>0.959053</td>\n",
       "      <td>0.979169</td>\n",
       "      <td>0.982278</td>\n",
       "    </tr>\n",
       "    <tr>\n",
       "      <th>Year</th>\n",
       "      <td>0.509641</td>\n",
       "      <td>0.888789</td>\n",
       "      <td>1.000000</td>\n",
       "      <td>0.322132</td>\n",
       "      <td>0.150305</td>\n",
       "      <td>0.740876</td>\n",
       "      <td>0.411244</td>\n",
       "      <td>0.655684</td>\n",
       "      <td>0.330489</td>\n",
       "      <td>0.311251</td>\n",
       "      <td>0.291814</td>\n",
       "      <td>0.375271</td>\n",
       "      <td>0.308724</td>\n",
       "      <td>0.297779</td>\n",
       "      <td>0.241588</td>\n",
       "    </tr>\n",
       "    <tr>\n",
       "      <th>Engine Displacement</th>\n",
       "      <td>0.778725</td>\n",
       "      <td>0.969428</td>\n",
       "      <td>0.322132</td>\n",
       "      <td>1.000000</td>\n",
       "      <td>0.847413</td>\n",
       "      <td>0.519356</td>\n",
       "      <td>0.440262</td>\n",
       "      <td>0.598596</td>\n",
       "      <td>0.396388</td>\n",
       "      <td>0.781058</td>\n",
       "      <td>0.786703</td>\n",
       "      <td>0.731800</td>\n",
       "      <td>0.774085</td>\n",
       "      <td>0.782652</td>\n",
       "      <td>0.768897</td>\n",
       "    </tr>\n",
       "    <tr>\n",
       "      <th>Cylinders</th>\n",
       "      <td>0.886443</td>\n",
       "      <td>0.993107</td>\n",
       "      <td>0.150305</td>\n",
       "      <td>0.847413</td>\n",
       "      <td>1.000000</td>\n",
       "      <td>0.511006</td>\n",
       "      <td>0.395133</td>\n",
       "      <td>0.544560</td>\n",
       "      <td>0.305133</td>\n",
       "      <td>0.623481</td>\n",
       "      <td>0.641858</td>\n",
       "      <td>0.572795</td>\n",
       "      <td>0.626363</td>\n",
       "      <td>0.643258</td>\n",
       "      <td>0.688672</td>\n",
       "    </tr>\n",
       "    <tr>\n",
       "      <th>Transmission</th>\n",
       "      <td>0.873626</td>\n",
       "      <td>0.988186</td>\n",
       "      <td>0.740876</td>\n",
       "      <td>0.519356</td>\n",
       "      <td>0.511006</td>\n",
       "      <td>1.000000</td>\n",
       "      <td>0.598391</td>\n",
       "      <td>0.618607</td>\n",
       "      <td>0.717869</td>\n",
       "      <td>0.535808</td>\n",
       "      <td>0.550523</td>\n",
       "      <td>0.507984</td>\n",
       "      <td>0.523836</td>\n",
       "      <td>0.557678</td>\n",
       "      <td>0.450041</td>\n",
       "    </tr>\n",
       "    <tr>\n",
       "      <th>Drivetrain</th>\n",
       "      <td>0.677391</td>\n",
       "      <td>0.958500</td>\n",
       "      <td>0.411244</td>\n",
       "      <td>0.440262</td>\n",
       "      <td>0.395133</td>\n",
       "      <td>0.598391</td>\n",
       "      <td>1.000000</td>\n",
       "      <td>0.775484</td>\n",
       "      <td>0.280225</td>\n",
       "      <td>0.466508</td>\n",
       "      <td>0.447895</td>\n",
       "      <td>0.478845</td>\n",
       "      <td>0.456008</td>\n",
       "      <td>0.457748</td>\n",
       "      <td>0.453840</td>\n",
       "    </tr>\n",
       "    <tr>\n",
       "      <th>Vehicle Class</th>\n",
       "      <td>0.853202</td>\n",
       "      <td>0.996212</td>\n",
       "      <td>0.655684</td>\n",
       "      <td>0.598596</td>\n",
       "      <td>0.544560</td>\n",
       "      <td>0.618607</td>\n",
       "      <td>0.775484</td>\n",
       "      <td>1.000000</td>\n",
       "      <td>0.497181</td>\n",
       "      <td>0.593478</td>\n",
       "      <td>0.528751</td>\n",
       "      <td>0.603078</td>\n",
       "      <td>0.568647</td>\n",
       "      <td>0.586767</td>\n",
       "      <td>0.511963</td>\n",
       "    </tr>\n",
       "    <tr>\n",
       "      <th>Fuel Type</th>\n",
       "      <td>0.692843</td>\n",
       "      <td>0.987730</td>\n",
       "      <td>0.330489</td>\n",
       "      <td>0.396388</td>\n",
       "      <td>0.305133</td>\n",
       "      <td>0.717869</td>\n",
       "      <td>0.280225</td>\n",
       "      <td>0.497181</td>\n",
       "      <td>1.000000</td>\n",
       "      <td>0.647119</td>\n",
       "      <td>0.351881</td>\n",
       "      <td>0.288569</td>\n",
       "      <td>0.339390</td>\n",
       "      <td>0.613320</td>\n",
       "      <td>0.326848</td>\n",
       "    </tr>\n",
       "    <tr>\n",
       "      <th>Fuel Barrels/Year</th>\n",
       "      <td>0.711030</td>\n",
       "      <td>0.981112</td>\n",
       "      <td>0.311251</td>\n",
       "      <td>0.781058</td>\n",
       "      <td>0.623481</td>\n",
       "      <td>0.535808</td>\n",
       "      <td>0.466508</td>\n",
       "      <td>0.593478</td>\n",
       "      <td>0.647119</td>\n",
       "      <td>1.000000</td>\n",
       "      <td>0.918482</td>\n",
       "      <td>0.898374</td>\n",
       "      <td>0.931827</td>\n",
       "      <td>0.994057</td>\n",
       "      <td>0.937536</td>\n",
       "    </tr>\n",
       "    <tr>\n",
       "      <th>City MPG</th>\n",
       "      <td>0.655273</td>\n",
       "      <td>0.971656</td>\n",
       "      <td>0.291814</td>\n",
       "      <td>0.786703</td>\n",
       "      <td>0.641858</td>\n",
       "      <td>0.550523</td>\n",
       "      <td>0.447895</td>\n",
       "      <td>0.528751</td>\n",
       "      <td>0.351881</td>\n",
       "      <td>0.918482</td>\n",
       "      <td>1.000000</td>\n",
       "      <td>0.922441</td>\n",
       "      <td>0.948112</td>\n",
       "      <td>0.894482</td>\n",
       "      <td>0.876902</td>\n",
       "    </tr>\n",
       "    <tr>\n",
       "      <th>Highway MPG</th>\n",
       "      <td>0.624252</td>\n",
       "      <td>0.952282</td>\n",
       "      <td>0.375271</td>\n",
       "      <td>0.731800</td>\n",
       "      <td>0.572795</td>\n",
       "      <td>0.507984</td>\n",
       "      <td>0.478845</td>\n",
       "      <td>0.603078</td>\n",
       "      <td>0.288569</td>\n",
       "      <td>0.898374</td>\n",
       "      <td>0.922441</td>\n",
       "      <td>1.000000</td>\n",
       "      <td>0.961394</td>\n",
       "      <td>0.903695</td>\n",
       "      <td>0.867537</td>\n",
       "    </tr>\n",
       "    <tr>\n",
       "      <th>Combined MPG</th>\n",
       "      <td>0.656666</td>\n",
       "      <td>0.959053</td>\n",
       "      <td>0.308724</td>\n",
       "      <td>0.774085</td>\n",
       "      <td>0.626363</td>\n",
       "      <td>0.523836</td>\n",
       "      <td>0.456008</td>\n",
       "      <td>0.568647</td>\n",
       "      <td>0.339390</td>\n",
       "      <td>0.931827</td>\n",
       "      <td>0.948112</td>\n",
       "      <td>0.961394</td>\n",
       "      <td>1.000000</td>\n",
       "      <td>0.955936</td>\n",
       "      <td>0.886773</td>\n",
       "    </tr>\n",
       "    <tr>\n",
       "      <th>CO2 Emission Grams/Mile</th>\n",
       "      <td>0.695474</td>\n",
       "      <td>0.979169</td>\n",
       "      <td>0.297779</td>\n",
       "      <td>0.782652</td>\n",
       "      <td>0.643258</td>\n",
       "      <td>0.557678</td>\n",
       "      <td>0.457748</td>\n",
       "      <td>0.586767</td>\n",
       "      <td>0.613320</td>\n",
       "      <td>0.994057</td>\n",
       "      <td>0.894482</td>\n",
       "      <td>0.903695</td>\n",
       "      <td>0.955936</td>\n",
       "      <td>1.000000</td>\n",
       "      <td>0.950454</td>\n",
       "    </tr>\n",
       "    <tr>\n",
       "      <th>Fuel Cost/Year</th>\n",
       "      <td>0.798924</td>\n",
       "      <td>0.982278</td>\n",
       "      <td>0.241588</td>\n",
       "      <td>0.768897</td>\n",
       "      <td>0.688672</td>\n",
       "      <td>0.450041</td>\n",
       "      <td>0.453840</td>\n",
       "      <td>0.511963</td>\n",
       "      <td>0.326848</td>\n",
       "      <td>0.937536</td>\n",
       "      <td>0.876902</td>\n",
       "      <td>0.867537</td>\n",
       "      <td>0.886773</td>\n",
       "      <td>0.950454</td>\n",
       "      <td>1.000000</td>\n",
       "    </tr>\n",
       "  </tbody>\n",
       "</table>\n",
       "</div>"
      ],
      "text/plain": [
       "                             Make     Model      Year  Engine Displacement  \\\n",
       "Make                     1.000000  0.999971  0.509641             0.778725   \n",
       "Model                    0.999971  1.000000  0.888789             0.969428   \n",
       "Year                     0.509641  0.888789  1.000000             0.322132   \n",
       "Engine Displacement      0.778725  0.969428  0.322132             1.000000   \n",
       "Cylinders                0.886443  0.993107  0.150305             0.847413   \n",
       "Transmission             0.873626  0.988186  0.740876             0.519356   \n",
       "Drivetrain               0.677391  0.958500  0.411244             0.440262   \n",
       "Vehicle Class            0.853202  0.996212  0.655684             0.598596   \n",
       "Fuel Type                0.692843  0.987730  0.330489             0.396388   \n",
       "Fuel Barrels/Year        0.711030  0.981112  0.311251             0.781058   \n",
       "City MPG                 0.655273  0.971656  0.291814             0.786703   \n",
       "Highway MPG              0.624252  0.952282  0.375271             0.731800   \n",
       "Combined MPG             0.656666  0.959053  0.308724             0.774085   \n",
       "CO2 Emission Grams/Mile  0.695474  0.979169  0.297779             0.782652   \n",
       "Fuel Cost/Year           0.798924  0.982278  0.241588             0.768897   \n",
       "\n",
       "                         Cylinders  Transmission  Drivetrain  Vehicle Class  \\\n",
       "Make                      0.886443      0.873626    0.677391       0.853202   \n",
       "Model                     0.993107      0.988186    0.958500       0.996212   \n",
       "Year                      0.150305      0.740876    0.411244       0.655684   \n",
       "Engine Displacement       0.847413      0.519356    0.440262       0.598596   \n",
       "Cylinders                 1.000000      0.511006    0.395133       0.544560   \n",
       "Transmission              0.511006      1.000000    0.598391       0.618607   \n",
       "Drivetrain                0.395133      0.598391    1.000000       0.775484   \n",
       "Vehicle Class             0.544560      0.618607    0.775484       1.000000   \n",
